$ANSIBLE_VAULT;1.1;AES256
33666535653634313361363064656235653331373539333263313730626663636434373762323134
3437633239616136393161623363343635343138653936310a326663386464323536313330633735
32653465666330386466363531653938653239396633393439666661643430623531333661336235
3161343361363335360a386432383637653836383165663762323166396430396330633033666131
35393939303964653462616231396366323662343834383838383635663164346265623635363661
33313536353139346336366330653933346431383532393233643935653930343138373162333331
65646566623766653965366138653836323238626538333239636136626334613133366362636563
37643430313332653662656162346261646562356331636631373065323434623836386165366430
62306366313137346464663833636535333535356164633330393139383338383439356564656266
31333134633532646665616365366639323065646461353534303661653330313261636631616631
32613763623366383339323064356135656533663636623263306438623133343733396266396238
61646637353839396365636262613938353366386137363131663733353466336566343337633163
30646432356338633039306630353134396163336230633361626335323634363333366236303764
37366564636234366564373263653734306533303538313831386331663265353337366330643234
38336464303766303564643038626130653937666435656661323138393137666536663434623364
39363430356462636437356237643533343833353862343166663761313465623931353235393635
39373637386634616338646263623836386461633566653433366633326635636539373662313433
35326133313366396538663138306436303532663534393566346362326166643539376362363339
66633534633865636264666631623462363632306332356432663362326430303839363837393663
37326131316436353439646431303336343763653165383761663064373330333562333232643661
35613239313234333930303033336563653339613665626331343232356132356332663335393733
37623036343662396235346330353035343161396332663231623836353833363765663865613332
62323031386135343235386561643833663864343439613434313361646566316630363235313662
35346132373938646135626236666537633065386134346264626162303161376563323165613731
34656137613965323863613436373139363364653439373534643562613963376330333037393362
36393764353366386532383862373636643535376233383562366637346363636138653933653338
36393566383266306561336230376430346532343438626530663661636138383437656634653766
31653162656531616537
